856029 730586
856039 730596
856039 730586
856029 730596
856019 730576
856019 730586
856029 730576
856039 730576
856019 730596
856116 730723
856029 730723
856116 730586
855942 730449
856029 730449
855942 730586
856116 730449
855942 730723
856166 730673
856166 730586
856029 730673
855892 730499
369418 733394
369428 733404
369428 733394
369418 733404
369408 733384
369408 733394
369418 733384
369428 733384
369408 733404
369505 733531
369418 733531
369505 733394
369331 733257
369418 733257
369331 733394
369505 733257
369331 733531
369555 733481
369555 733394
369418 733481
369281 733307
275524 559548
275534 559558
275534 559548
275524 559558
275514 559538
275514 559548
275524 559538
275534 559538