856029 730586
856039 730596
856039 730586
856029 730596
856019 730576
856019 730586
856029 730576
856039 730576
856019 730596
856116 730723
856029 730723
856116 730586
855942 730449
856029 730449
855942 730586
856116 730449
855942 730723
856166 730673
856166 730586
856029 730673
855892 730499
369418 733394
369428 733404
369428 733394
369418 733404
369408 733384
369408 733394
369418 733384
369428 733384
369408 733404
369505 733531
369418 733531
369505 733394
369331 733257
369418 733257
369331 733394
369505 733257
369331 733531
369555 733481
369555 733394
369418 733481
369281 733307
275524 559548
275534 559558
275534 559548
275524 559558
275514 559538
275514 559548
275524 559538
275534 559538
275514 559558
275611 559685
275524 559685
275611 559548
275437 559411
275524 559411
275437 559548
275611 559411
275437 559685
275661 559635
275661 559548
275524 559635
275387 559461
245678 821691
245688 821701
245688 821691
245678 821701
245668 821681
245668 821691
245678 821681
245688 821681
245668 821701
245765 821828
245678 821828
245765 821691
245591 821554
245678 821554
245591 821691
245765 821554
245591 821828
245815 821778
245815 821691
245678 821778
245541 821604
398795 472619
398805 472629
398805 472619
398795 472629
398785 472609
398785 472619
398795 472609
398805 472609
398785 472629
398882 472756
398795 472756
398882 472619
398708 472482
398795 472482
398708 472619
398882 472482