856029 730586
856039 730596
856039 730586
856029 730596
856019 730576
856019 730586
856029 730576
856039 730576
856019 730596
856116 730723
856029 730723
856116 730586
855942 730449
856029 730449
855942 730586
856116 730449
855942 730723
856166 730673
856166 730586
856029 730673
855892 730499
369418 733394
369428 733404
369428 733394
369418 733404
369408 733384
369408 733394
369418 733384
369428 733384
369408 733404
369505 733531
369418 733531
369505 733394
369331 733257
369418 733257
369331 733394
369505 733257
369331 733531
369555 733481
369555 733394
369418 733481
369281 733307
275524 559548
275534 559558
275534 559548
275524 559558
275514 559538
275514 559548
275524 559538
275534 559538
275514 559558
275611 559685
275524 559685
275611 559548
275437 559411
275524 559411
275437 559548
275611 559411
275437 559685
275661 559635
275661 559548
275524 559635
275387 559461
245678 821691
245688 821701
245688 821691
245678 821701
245668 821681
245668 821691
245678 821681
245688 821681
245668 821701
245765 821828
245678 821828
245765 821691
245591 821554
245678 821554
245591 821691
245765 821554
245591 821828
245815 821778
245815 821691
245678 821778
245541 821604
398795 472619
398805 472629
398805 472619
398795 472629
398785 472609
398785 472619
398795 472609
398805 472609
398785 472629
398882 472756
398795 472756
398882 472619
398708 472482
398795 472482
398708 472619
398882 472482
398708 472756
398932 472706
398932 472619
398795 472706
398658 472532
185071 362905
185081 362915
185081 362905
185071 362915
185061 362895
185061 362905
185071 362895
185081 362895
185061 362915
185158 363042
185071 363042
185158 362905
184984 362768
185071 362768
184984 362905
185158 362768
184984 363042
185208 362992
185208 362905
185071 362992
184934 362818
793791 581315
793801 581325
793801 581315
793791 581325
793781 581305
793781 581315
793791 581305
793801 581305
793781 581325
793878 581452
793791 581452
793878 581315
793704 581178
793791 581178
793704 581315
793878 581178
793704 581452
793928 581402
793928 581315
793791 581402
793654 581228
840059 534876
840069 534886
840069 534876
840059 534886
840049 534866
840049 534876
840059 534866
840069 534866
840049 534886
840146 535013
840059 535013
840146 534876
839972 534739
840059 534739
839972 534876
840146 534739
839972 535013
840196 534963
840196 534876
840059 534963
839922 534789
198415 321418
198425 321428
198425 321418
198415 321428
198405 321408
198405 321418
198415 321408
198425 321408
198405 321428
198502 321555
198415 321555
198502 321418
198328 321281
198415 321281
198328 321418
198502 321281
198328 321555
198552 321505
198552 321418
198415 321505
198278 321331
658034 897179
658044 897189
658044 897179
658034 897189
658024 897169
658024 897179
658034 897169
658044 897169
658024 897189
658121 897316
658034 897316